900

Πομπίλιος 9, 15

Ποντικός 99, 18

Ποπάνοιυ 65,9

Ποσειδεὼν 59, 94

Ποσειδῶν 4,4 7,4 89, 99 179,5
ωωηῃι

Ποταμία 179, 9

Πραινέστιος 173, 3

Πρῖμος 91, 14

Προμηθεύς 193, 91

Προυσίας 139,18 ¹
Πτολεμαῖος 14, ll. ὁΦιλιὶὸελφος
mffi

Πυανεψιών 59, 93
Πυθαγόρας 9,15
Πυθαγόρειος 97, 7

Πύθιος 166, 9

Πυριγενής 108,7

Πυριφλεγέθων 91, 7 167, 91
Πυρόεις 95, 8 99, 94

Ῥολμνιτες 17, 4

199 155, 90

Ῥἑμος 16810
‘mmm‚n

Ῥοσολλια 139, 7

Γ. Ρουτίλιος 149, 16
Ρωμαϊκός 13,10 18, 6 74,16
88, 7. 14 109, 5 119,19
Ῥωμαῖος 1,11 9,1.19.15 7,
aummwssamw
16,1.19 14,1.19.18.19.91.
983839499,
ὁηυηωηηυω,
ιυψοηυψωω,8.
14 47,6 48,15 50,4 55, 6
ωωηππωῃηι,
5.8.13.18 63,4.11 66, 4.
11.19.15,19 69,10.91 79,1
76, 99 78, 5 81, 99 88, 4 10
84,14 86,16 87,8. 14 88, 9
13 89,19 99, 9 91, 19 99,1.
90 98, 96 105,10 196, 16 107,
14 110, 95 119,19 114,15
115,90 118,9.19 190,6 195,
1msswmstmfflm

INDEX NOMINUM

Q4wfflmwmwffi
fimmmm3mssw
amumMQMMQ
LMwamMQw
1Qawwffizmffl4
wmmmfflmwstw
sswwwQOmw

Ῥώμη 6, 99 8,5 9,8 14,13

40,93 68,1 69, 19 86,19. 90
89, 19 90,6 91,14 104, 93
119, 14 194, 99. 95 195, 9. 97 .
196, 16 133, 3. 5 150, 7 159,
19. 13. 99 161, 4 165, 7 168,
90 173,1

Ρωμύλιος 101,1

Ρωμιλλος 6, 91 8, 5. 149 ,10

10,1919,1986,91101,3 .

118, 6 194,14. 91 195, 95. 97
196, 3 141,16150,93168,10
169,19 141518 180,19
Ρῶμ6ς 91,14 104, 99

Σαβάζιος 106, 91

‘Qmffimfflaw

Σαβῖνος 1, 14. 15 113,17 138,1
Σάγκος 138,1

Σάλιοι 6416 119, 8
affifflmffl
Σαμιος 69,19. 15 103, 7
Σάμος 69, 17

Σαραιιηνός 157, 3
ΣαρδιανόςΙ, 19 193,17
Σάρδις 59, 6. 6. 10
Σαρδάνιος γέλως 87, 93
Σαρδώ 87, 99
Σατοῦρνος65, 14
Σάτυροι 10816

Σαφ ατ 60, 4

Σεβῆρος ο βασιλεὺς τῶν Ρω-
μαίων7, 5

Σειρῆνες 179,10 14
Σελήυηό, 11 et passim
Σεμέλη 107,5. 11 108, 91
Σεμευτίλιος 161, 93 169, 9
Σεξτίλιος 47,19 150,1

 

