196

’1166661166 156, 13
11666116 103, 10
Ἠφαιοτιάδες’ νῆσοι 135,13

INDEX NOMINUM

’1666161166 157,8
Ἰουδαία 153,1’3

’16666166 103’, 4. 9. 16 110, 5. 20

Ἥφαιστος 25, 10 92, 8 117, 10 ’6166116116 15’6,1.8. 11 157,1

166, 1. 1116. 16. 1611 1’66,
6161, 6

Ἡφαίστου 1113161 154, 7

86116161 122,7

Θαμοῦς 60, 5

Θαργη1ιών’ 59, 22

Θάσιος 146,1’6
Θελξιέπεια’179, 16
6111111616

Θεοδόσιος ὁ’ μικρός 143, 8
Θεονίκη 11, 3
8666616164 179, 22
86661664
Θῆβαι’2116111611116182,11
Θήβη’ η Αἰγυπτία 122, 2
Θήρα 154,1

6166616161 154, 1
6161111616

966616 168,16

86661116 139, 16

96661166 16, 21. 25 48, 7 65,1
866116 107, 13

Θώθ 60,6

’1611166 63, 7. 9. 10 64, 17 65, 14

66, 5 11. 13

’1616666166 10, 13 40, 7 47,18
57,,26605’61,’,1632*.4
66,.101668 ,’,1,9741759
142, 1 150, 9 162, 4 169, 9. 12
’1616 605

’11116 111,2

’1361166 123, 23

’16η 123, 29. 24

’11661 116116 170,11
’1666666166 11, 1 149, 8
1166661666 109, 20 110,1
’11616 144, 7

’11161 126, 3
’11016176ζ1077,18

· ’11666 77, 13 122, 3

’1661166 49,19’60ι 10 141,1’2*,
13143,6’144,4

’1611166 143, 6

Ἰούνιος 47,’ 19 60,10. 17 136,
1616111

’1661661166 63, 13
1116366116 4 1316. 20
;Ι1111616166 178,13

’16176,90, 12 101, 9.10. 20 166,

Ιο11611111137,5
’1661561649
’staua 2, ’4. 24 3,17.19 4, 2.
247, 17. 23 16, '1 69,11 1’03,
4123, 7 139,1’0.13.151153,

’1161111166 19,16 64, 17 103, 4
’1321116314 15,17 173,13

’1696666661 147’, 14
’1611611036

Κ11661611166 107, 10

Καῖσαρ 49, 21 56, 8 142, 2 9.

17 20. 22 143, 4. 7. 10. ’13. 21
150, 23. Γάϊος 1161111616 40, 8.

Ξὲ Τ61166’ 16111166 1111111616 1’50,

1161166661 βασιλική 45, 4
1161661161, 11 166, ie
1161610611 44 16 45, 247,3 5

616 48, 23' 49, 1012 14-17
55515 65313661973
16. 21 75, 3. 0566666661611 78,
147947111316Μ616-

1161141, 3 87,.6 ’1111111611 106
13 111’,161’12,7.18 113, 9.

15 114, 1. 3 119,10. Μ611111
8, 6 124, 6. 21 13216. ’166-

 

