HI.
INDEX NOMINUM.

’166 6ο,1 · 86, 7. 16 16, 6 11,1 661. 16
’Λβεντῖνος 173, 3.5 90, 12. 24 92, 24 101,10 109,
’Afit‘wc 165, 6 15 112, 20. 22. 24 113, 5 116,
Ἀβρααμ, 103, 22 9 118, ’14 122, 2 130, 5 7 135,
ΑγαθοκλῆςὸΣικελιώτης 1118 10 136, 3 131, 6 14’6, 8 169,
’Ayzata 122, 7 13 167,15 177,17 182, 21

’1119661116 179, 16 ,1911111166 166, 66 ’111,1.
11161668, 1 6111, 61 116, 16 116, 1 11
,1169161991 116, 6166, 8. 6

’11699119 119 9 91611, 114, 17 166, 66 161, 61
’1161111604 175 3

11197999 111 11919 1166, 161, 66 166, 66

111111111011ἐ2108 11111, 166, 16 166, 16

ᾔέξῗξτξξα 141⁸ ¹⁶ 1111111 6101118, 61146 ”’ ”

’,161111611666 161, 1 119161 11916

’Ἄδωνις (deus 6161111116) 1161111111 ll, 1
7 119, 4 6 7 93 1111161196661

Ἀερία 179, 2 ,4,ἰνείας7 16 67, 25 68,1 118,5

Ἀζούμη 77'‚ 11 143, 6

96111616, ’166, 16. 16 61, 6 14 1111αό66199
111,18.2’2113,18.2212224.141199· 64, 14

Πο11616180,2 446760289 64, 7

’,166111 16,6 116,1 116, 66 7161661 16610

180‚2 ’Δλβουναία 10315
Ἀθηναῖος 661 61, 61 16, 61 ’,1116116111 1661616666.
116, 16 161, 6 6911111661 102’, 11 146, 66
Ἀθύρ 60, 6 A2.77717779121,13J

Αἴας 151,11.18.19 Ἀλκμήνη 122,’ 4
6161611111311 92, 4 Ἀλφειός 131, ’11
Αἰγυπτιος 19, 3 33, 2 36,18 Ἅλφεσίβοια 178,12

 

