INDEX NOMINUM

Ἀμάλθεια 103, 10 104, 23 122,
13 123, 6

Ἀμαριιλλίς 126, 6

Ἀμφιτρίτη 172, 6

Ἀμούλιος 168,11

, Ἀνάγκη 96, 8 138, 10
Ἀνακτορία 122,12
Ἀνδρομέδα 169, 9
Ἀνθεστήρια 126, 9
Ἀνθεστηριών 69, 24

Ἀνθοοσα 89, 20 126, 17
Ἀνθρωποφάγοι 147, 16
Ἀννίβας 74, 8 142,16 179,19
Ἀντερως 117, 4 ll

Ἀντιόχεια 104,10.13
Ἀντώνιος 169,14 178, 24
Ἀπελλαῖος 60, 2 ’
Ἀπελλῆς 122, 6

Ἀπόλλων 19,13 21, 19. 20 22,2
33, 11, 12 43,19 66,9 68, 6
107,18 110,18124,4136,9
164, 8 167, 5. 9
ζἈπολλιονιάτης 146, 20
Ἀπρίλιος 6, 22 47,19 60, 9
114, 11* 116, 10118, 6119, 24
Ἀπονλία 139,16

Ἀραβες Σκηιλιται 110, 13 143,
Ἀραβία 107, 9

’Ἀρνίρης 62,1
Αρεος πεδίον 92, 23 98, 26
Ἀρης (Mars deus elusque stella)
6,106,,,.,26122141620
15.1925,..',.f481156715
2167,161,13.16.2268,11
76,6.148(1,,.78982191,
1316. 16. 1920922712
14. 19. 23. 26 93,11 94,11
96, 1216 99, 6. 11. 13 112,
10 113,16.20. 22 116, 2. 4.
26. 26 116, 37 117,4. 11
118, 8. 13 16 168,14169,16.
18 178, 19

Ἀρης(1111ι1111) 119, 5. 6
Ἀρίσταρχος ο γραμματιιιός4

Mnus ed. Wuensoh.

193

Ἀρκάδες 37,18. 20. 24 40, 2
Ἀρκαδία 122, 23 164, 12
Ἀρκτος 66, 2 90,11

Ἀρσινόη 164, 10

Ἀρσιππος 161, 10

Ἀρτεμις 19, 12. 13 23, 22 167,
Ἀρτεμίσιος 60,2

Ἀσία 82, 9 10',7 10

Ἀσιανός 62, 16

Ἀσκληπιός 101,16. 16 164, 7
Ἀστάρτη 110, 16 117, 6 118, 18
Ἀστερία 32, 3 ”
Ἀστνδάμειοί 178, 13
Ἀσωνίδης 180, 17 .
Ἀτλαντικὴ θάλασσα134, 11 146,
611 147, 2 10

Ἀτλας 122, 6 127, 22 129, 4
Ἀτροπος 138, 11, 12

Ἀτταλος 6 11εργαμηνός 14, 14
Ἀττικη 166, 4 166, 16
Ἀττικός 46,1

Αὐγείας 121, 17

Αὐγουστάλιος 179, 3. 46
Αὐγουστεῖον 163, 6. 8
Αὔγουστος Καῖσαρ 16,11 160,
61618.24161,4.911169,
13 178, 24

Α6γονστος (mensis) 60, 10 149,
18* 160, 4 17 161, 8 168,1(1

. Αὐξιφ ιοτία, 61,49 20

Αὐξιφώτια, τά 169, 3 1624

Αὐδοναῖος 60, 2

Αίισονια3, 22

Αὔσων3, 20

Ἀύρηλία 1,42 10

Ἀφροδίτη (V’enus dea eiusque
stella)5,117‚18,10.1311,
111116 ιο,’1815,1ι3ι,1.
12 41,6 66, 13. 16. 23 67,3
76, 6. 23 81,7 89,9 92,8.12.
1316 96,4.7. 11 113, 18. 23
116, 4. 12. 14. 18. 22. 24 116,
11. 19. 20. 25 117, 21. 23. 24
118, 2. 4. 9. 14. 16. 17. 19 119,
8. ιι. 11110 142,5143,617·2,

13

 

