202 INDEX NOMINUM

16 1ο,1*. 1. 6 61, 11 114,16 Φρυγία 110, 11

184, 4. 7 Φρύγιος 20,17) 103,Ῑὸ
Φεβρονᾷτα 84,12 Φντώ 103, 7

Φεβρονᾶτος 84,11 Φωσφόρος 31, 20
Φοβροῦος 83, 6

Φθάν 136,10 Χααί 147, 22 ·

, Φιλαδέλφεια 67),11 113,5.7 Χαλδαϊκός 108, 24 159,7

154,5 Χαλδαῖος 102, 9 103,17
οιιάοειφος 104,1 16116 10616
Φιλόλαος 9‚6 Χαλκιδικός 36,7 ’
Μ. Φλάβιος γραμματιστὴς Ἰτα- Χαναναῖος 103, 21

λός 2,13 Χάριτος 122, 6

ῶνορα 6111 116, 6 116,16 1666110 60, 4

Φοίβη 44,10 Χθὼν 179,13

Φονικες 2,17 11,14 111,3 Χοιάκὸῡ,6

116, 1⁷ 123, 1 111, 11. 11 Χριστός 1011. 18

170, 3 188, 19 Χροοορρόας 144, 8
(boamunde 179,18

Φορδικάλια 124,11 Ὠκεανός 117, 8 148, 24 176, 4
Φορτοῦνα 72, 3 Ὦρος 22, 2

 

