194

6.12. Οόρανία 116, 25 117, 7.
Πάνδημος 116, 25

Ἀφρός 117, 7

’Ἀφρος 161, 3

Ἀγιλλεός 111, 21

Βαβυλών 103, 20 153,15
Βαβυλώνιος 18,12 20,6 60,11
Βάκχαι 108,12
Βακχανοὶλια 109, 8
Βακγεοτής 107,14
Βαλεντιυιανός 101, 4
Βελινήνσιος 173, 6
Βελλεροφόντης 178,11
Βενετία 89, 16

Βὲνετοι 89,15
Βεργιλιανός 156,14
Βέσβιον 153, 23 154, 4
Βησσάδαι 77,11 “
Βιθυνία 139,18 160,15
Βιμινόλιος 173, 4
Βλόττα 11, 12
Βοηδρομιὼν 25,1 59, 23
Βρεττίοι 130,17
Βριάρεως 67, 8. 10
Βρουμοίλια 174, 5, 28. 31
Βροῦτοι 88,11

Βροῦτος 88, 81 οι, 13 88, 0. 18
Βυζάντιον 7,6 161, 7. 10
Βυζάντιος 168, 20

Γάδειρα 37, 9

Γάϊος 143, ο

Γαλάται 16, 26

Γάιιοι ι, 1 8818 8818 152,
Γαμηλιόου 59, 24
Γεργίθιος 103, 13
Γεργίθιον 103, 14

Γέται 161, 16

Γῆ 4810 100, 8
Γηρυόνης 2, 21

Γίγαντες 67, 6

Γραικός 7, 24. 25 8, 4
Γοναλ Διὸς ὑετίου 123,19
Γοργώ 158,11

INDEX NOMINUM

Γοργών 81, 12. 17
Γορπιαῖος 60, 1
Γότθοι 161, 9. 1315
Γουστεῖον 163, 4

Δαδοίστανα 178, 2

Δαίοιος 60,3

Δαλματία 139,17

Δάμασος 64,10

Δάφνη 88, 4 188, ι

Δεβώρα 103,3

Δεκέμβριος 57, 24 60,9 159,3
108, 88 180, 3. 181. 80 173, ι
174, 11. 81

Δελφίς 103,1

Δελφοί 103,1

Δευκαλίων 8,2 37,17 79,9
110,1180,8

Δεόσιον 123, 20

Δημήτηρ 42,15 114,6 12410
162,18 166, 22 174, 10

Διδόνη 116, 13

Διθύραμβος 108, 25

Διιιαιαρχία 154, 7

Διμήτωρ 108, 26

Διοκλητιοινός 12, 22 13,1

Διομήδης 3,19

Διονύσια 109, 6

Διόνυσος 1,5 17,13 106,16.
18. 81 101, ι, 14. 80 108,18

, 100, 3. 10. 88 111, ι 124, ο

174, 12 176, 26

Διώνη 118, 13 111, 8. 10. 84
Δίων Σάμιος 69,16
Δῖος 60,1

Διόσκοροι 7,10 78, 17. 21
Δομετιανός 12, 22 80,1
Δρεπανίας (7) 166, 18
Δύστρος 60,2 -

Δώριος 20,14

Ἐβραῖος 19, 3 20, 5 50, 5 60, 3
108, 8 101, 8 100,14 110, 18

111,10 1888 149,10 188, ο.

·· 0188,1

Ειοοι 11110. 11. 18 ιο, 10

 

