INDEX NOMINUM

νιαι 136, 33. Ὀκτώβριαι 160,
11.13161,36163,7. Νοέμ-
βριαι 164, 3. 5. 14. Δεκέμ-
βριοιι 169, 3

,Καλλισθένης 131, 8
Καμασόνη 66,11

Κάμιλλος 86, 13 184, 4. 8
Καμπανιά 139,16
Κανονβικός 69, 14

Κάνονβος 69, 14
Καπετωλῖνος 173, 6
Καπετώλιον 66, 33 109,7 137,
11111113

Καππάδοξ 164,7

Καρμέντη 3, 36

,Καταναῖος 163, 34

Κελτική 63, 3

Κέρβερος 43,

Κέστιος ὁὺπατικός 149, 811
Κήνοολος 63,10

Κιβοόλλιος 63, 10

Κιθαίρων 107,16

Κιθάρων 107,17

Κικέρων 161, 16

Κίμβρος 166,11

Κίρκη 3, 17. 33 4, 33 6, 31

Κιμμερία 103, 4

Κλαόδιοςι ὁ βασιλεύς 113,11
Καίσαρ 143,16

Κλεοπάτρα 161114 11111

Κλονσίβιος 63, 13

Κλούσιος 63, 14

ιιιωοι 13311. 11

Κνίδιος 77,10

Κόλχος 166,1)

Κονσίριος 63, 9

Κοπτος 69, 16

Κόρη 1111 1111 162,15.18
163‚1

Κόρινθος 119, 31

Γ. Κορνήλιος Γάλλος 179,1
Κορωνίς 154, 9

Κούρητες 133, 31

Κονριότιος 63,14, 16
Κράτης ὁ γραμματικός 14,16
1116111111

Κρήτη 30,19 133, 13

Κρινίιος 81, 31

Κροῖσος 83,10

Κρόνιος 110,13

Κρόνια 61, 31 99, 3, Κρονιάι

έορταί 174, 33

Κρονία πόλις 170,11

Κρονικός 176, 30

Κρόνιον πέλαγος 37, 6

Κρόνος Saturnus deus eius-

que stela)1, 36, 10 8, 9. 13

9,,.830141333,,63447

55, 30 66, 6. 14. 13. 36 61, 34

66, 15 66, 13 76,7 76,3 89,

33 93, 8 94, 11 96,13.14 00,

7 110, 3. 10.16 114, 30 116,

31 133, 3. 7. 13 136, 11 130.
5155, ιο 110,5 111, 19

112‚1 111, 1611 115, 25

176 8.13.19

Κυβέλη 1111

Κοθηρείη 116, 16

ιιιμαιος 1011 105‚1 115,11

Κόμη 103,10

Κονσσοορίς 164, 9

Κοντίλιος 48, 3 141,17 143, 6

11111

Κόπρις 116, 16

Κύπρος 104, 3. 9. 16 117,6

111, 11. 11

Καρινόλιος 173, 6

Κυρῖνος 63, 13 160, 33

Κωνσταντλνος 13, 7. 5 αιἰσο-

κρατωρ 66, 33. δΜέγας 1638

Κωνσταντίνον πόλις7, 7 136,16

Κώροιιος 163, 36

Λαζοί 1669

Λακεδαιμόνιος 166, 30 ’
Λακεδαίμων 166,1

Λατῖνος 7, 30. 33. 36 8, 1 40,
3 67, 34 161,11

Λαορεντίοι 7,17

Λάχεσις 138, 10. 11

Λεμοόρια 134, 4

Λέσβιος 106, 30

 

